31
961
29791
923521
28629151
887503681
27512614111
852891037441
26439622160671
819628286980801
25408476896404831
787662783788549761
5970802223735490975
627428198704704065
1003530086136274399
-5784055477194596863
5161720944063013407
-6007347397432548927
-1760328583313500577
770046138410136961
5424686217004694175
2144576063759554881
-7305118318292005153
-5097738982537540351
7990788204722213663
7906761388164452545
5301930074873857887
-1660864342296370047
3853437609941183391
8776101465919375425
-4642015662142636065
3671467063254694913
3135014518638232607
4951729709237452737
5929668396684621919
-647720439872236671
-1632589562329785185
4729955788905314113
-945323133611675425
7588471005457165057
-4565071789052054241
6056727129062731457
3291100263849159007
-8656356262933380479
8354116954708479391
723208564029138497
3972721411193741791
-5972844768960865791
-690747100691323361
-2966416047721472575
274822889182108255
8519509564645355905
5850379472072310431
-3105677102853892799
-4042269819922918689
3816844098356381953
7641702606790530847
-2914892147717714751
1872063789298600799
2693745247127969921
-8727617707580690529
6145012170641867841
6027936552802386911
2398592399778478081
569388098294614047
-795713026576516159
-6220359750162449313
-8363711517940412543
-1020640024219066209
5253647396628050753
-3157627367916391201
-5652728036860369151
-9213872479285479137
-8928885752206579007
-94297212760674977
-2923213595580924287
1614098905539105183
-5303166149416394175
1622546031477745119
-5041305245318556159
-8706510015198828001
6799350634479606209
7865684858062724703
4028557641720294785
-4241921622637722977
-2372361785802550975
243760934959126239
7556588983732913409
-5553414462503855329
-6135151674233550655
-5722261164144554145
7077344648614337665
-1963244777470151777
-5520355880446050239
-5110335630441592865
7600292119696585729
-4198617247630013409
-1029926160563554367
4965777169948917855
6365139678740040577
-5594854769863809889
-7419801202392142015
-8652908389641783073
8461001026747998977
4036614797254245663
-3992149801085245759
5370564682324242783
466808488665561729
-3975680925077138017
5881099838575582785
-2153345741252449825
7033258316012261889
-3329921088134500833
7452910710087783873
-8767440945502870945
4910491795054274945
4651293057006110367
-3383867822486991551
5780561945160571615
-5270020437117796095
2650063112734285599
8364980199924647105
1059969165730337631
-4034444009778636671
4059444212829124511
-3284437918264001471
8862888976073264095
-1951602847372087295
-5159456047406051297
6077559193798374337
3936894270654088287
-7083486125690124415
1772858988120762527
-381603589385016511
6617032802774039775
2213832075190165249
-5158181963943083745
6117055781150368449
5161288478565905759
-6020753827842886015
-2175927926033950305
6333210587785747009
-6584656589446910497
-1210169462049157631
-621765176104783329
-827976385538731583
-7220523877991127457
-2475311333210331775
-2947675034682078561
855794293403322689
8082879021793451743
-7685167356336718591
1567484911785894687
-6748199955765919551
-6280013817938438305
8233756454713480321
-3007966935815832673
-1013254641743054783
5482594253384404959
3939725191530589185
-6995727578518596577
4493373950438125505
-8279360126094522273
1594253123003532161
-5918385408019157857
997493088501622593
-5971202403868802849
-639833782837372159
-1388103194248985313
-6137710874299441471
-5801596366187169441
4617953385293263489
-4417397645585244769
-7812118497175726527
-2368000454223351329
378962213914315265
-6698915442365778401
-4752193902534062655
255941611120470623
7934189944734589313
6152215328548097695
6251234447895512385
-9125916926044183841
-6202263601726424831
-7802730916423653601
-2076985450909090623
-9046316757053154465
-3734658363004514175
-5093944810882629729
8108407526024442945
-6893783725175991329
7653633404058888193
-2545037432398637025
-5109184109519541311
7635989268280183903
-3092005641538470015
-3618454519144812385
-1491625651231874239
9099837032940553439
5393786915513882369
1186697717544388895
-105858903543047487
-3281626009834472097
8950058137388674689
750641153405641119
4823131681865323073
1943129548148602335
4896783771478017537
4226344326142130719
1889465594439190977
3233201206486265439
7995517032526470529
8053355050096415391
-8600410478944845503
-8358307815356487969
-853125244117404415
-8000138493929985249
-8196620353605371711
4159186070167199583
-192440340783674239
-5965650564293901409
-467726756015427519
3947214637231298527
-6763554761796606975
-6756012804889748449
-6522212140777134143
725608446713909343
4047117774421638017
-3666557508896082785
-2982818333521256639
-233647970611197729
-7243087088947129599
-3174770872846398177
-6184176689690585407
-7242036643312631457
-3142207058176955775
-5174698434937870945
5605045180311965249
7735703926284958175
-851243390467583
-26388545104495073
-818044898239347263
-6912647771710213537
7068847961497999745
-2226642078076627297
4761071874462760257
19275518669155039
597541078743806209
77029367348440863
2387910387801666753
238245727013462879
7385617537417349249
7593214775423207327
-4418014920104743871
-7831254007280198689
-2961201267461988351
436481077226119199
-4915830679699856447
-4816798481019136929
-1746800321916831871
1189422241706866847
-21398654506230975
-663358289693160225
-2117362906778415359
8148726184707330335
-5643905306006482239
-8940367822814984865
-450241401621256575
4489260623450597791
-8406873262707881407
-2358654112010600993
668698822509575681
2282919424087294495
-3016474148132077119
-1276978223546632609
-2692836782526507647
8755780110226021023
-5271977688636622527
2589388315650666207
6484061490332445953
-1908278610499243233
-3816404704347885375
-7628081392527136929
3337149789882926209
-7228820955886597217
-2732520747969894335
7525577181481033695
-6514780332312126463
955994509129147423
-7257658364415533119
-3626480412366907297
-1740428341116816511
1386953646507343007
6102074894308529985
4696880986468913375
-1970642009140098303
-5749670062214392545
6227668808449347265
8590292324834249055
8044645037927998081
-8870420856165782113
1718114564504028737
-2078680721503764001
-9098870145488029183
-5363813404485630433
-257518875668578879
-7983085145725945249
-7667966559280131711
2100709620540087967
-8664978058095479487
8086841304683410143
-7562336586748008191
5375238769035917087
611705176727465153
516116404841868127
-2447135523611639679
-2074224937122623585
-8960740829672676287
-1081804614209690657
3357545106918692865
-6596566127777830881
-1579365150307689535
6379912561590279263
-5136895401506410623
6776939216687235231
7170930906499224385
937929216961336543
-7817682421617670399
-2540482111923611361
-4967969174793745727
-6433091828929704609
3488338113984224897
-2541982908746337889
-5014493876298268095
-7875357575569898017
-4328411884442667519
-5053559901755831777
-9086404364754372159
-4977374201742262689
-6724647664333730431
-5549892783540575585
-6025979626371878591
-2337927680432720161
1311218201423881473
3754276096721222431
5702094556100585665
-7702509497977360545
1029878520925994113
-4967253998713285729
-6410921370435444671
4175622327306282975
317083630527910913
-8617151527344313313
-8877280315739990079
1505471317703581791
-8670621372317619327
7911898563797075103
5461182519485157185
3275961440653908191
-9125659781986155775
-6194292135927554785
-7555615476658682175
5583593181805023583
7070691972569766529
-2169477734851856993
6533166514430639681
-386022863455237665
6480035306597184001
-2033090306292363745
-7685567273934621247
1555087466250912351
-7132520767350371967
252785096653088415
7836337996245740865
3118804925393795807
4449232318659911937
8798993362490408735
-3932366868440603455
7223835594308154207
2577974539038161025
6130234415344785311
5569826138592828481
6643913632991718367
3047137811938201601
2227551801536491551
-4732870447206968383
854968726260393055
8057286440362633089
-8478537380692096865
-4580241769521280191
5586457734516727007
7159493106632572673
583357421095133471
-362664019760414015
7204159461136717151
1968014410723612289
5668214511303326111
-8752790886692406719
5364643618178665951
283255500152679937
8780920504733078047
-4492625458917854783
8302563363222914655
-874952772023368319
-8676791859014866273
7720613476182419777
-468655196569157921
3918432980065656065
-7655786133931523297
2478302806346948801
3040410701917206367
2019011390885639297
7249120896326163359
3361818901596444737
-6464078492767522849
2527751535011859457
4573321290529436703
-5800992583263875135
4636670655915386975
-3837162256299416703
-8271565503024608097
1835886438170871617
1572247362168365279
-6600563993909331199
-1703299000384199393
2537963209218473665
4889883190934477151
4012426329292378753
-4741992307903119969
572191044679693889
-708821688639041057
-3526728274100721151
1351887945134954015
5015038151764471233
7892230115022195295
4851460607463883137
2821326241703964319
-4772606875724864191
-376860557794376993
6764066782083864833
6771885433794742047
7014263636831935681
-3918756142724613281
7645768091503849601
-2788862121604833377
5778994598797923393
-5318608174359890977
1143843258229344257
-1434347142309431265
-7571273264173265983
5098201768852925535
-7976441828945272959
-7462023739079290721
8484937046766158657
4778631417817195743
563621362656655105
-974481831353243361
6684551375468559041
4306907828720262495
4386934174361276033
6867750889232695711
-8460651318301052351
-4025773835398900257
4328219618600953345
5047599660662692383
8901636890867050945
-750417488764694945
-4816198077995991679
-1728187828199329121
1766409546949452097
-581536265695639841
419119837144716545
-5454029122223338721
-3054206125537535807
-2446669523115851937
-2059778921753203583
-8512914353220656225
-5645927917906620351
-9003068791719266337
-2393971437653982207
-426138272435241953
5236457628217051073
-3690510188657381281
-3725351406121510015
-4805429147509500769
-1394350983118110911
-6331392329242335009
6641022604292682497
2957515922268089631
-550726778236979519
1374213948363186527
5707144251839679105
-7545968930065463905
5882636126194789953
-2105720825057027617
8509630718070350337
5544135228247137823
5847495412275307969
-3195082956560969121
-6813851284842284671
-8315205019305757025
483061433455254849
-3471839636596651297
3053435707761119489
2422786572046946079
1319407438617121985
4008142449711678303
-4874792574904833919
-3544617232373438561
797330238680714305
6270493325392591839
-8528891723634720767
-6141226400742621153
-5910577685925739583
1239532473397589087
1532018527906158465
-7847657856037742433
-3469720578945844415
3119126494936132831
4459200974472359681
9108021692676288799
5647511367321678529
9052155723586069855
3915666325524891265
-7741552424695232097
-180452207328023999
-5594018427168743969
-7393874578845098495
-7849183059683433953
-3517001891962281535
1653405791426582111
-4084652686904609407
2502975221923969695
3805255584804854081
7282458686693166815
4395290402973551873
7126793976213246751
-430315621903970111
5106959794686478175
-7704943028105141119
954439086964796319
-7305876451510417343
-5121241112308318241
7262222181828099073
3767958752156451871
6126256874592698305
5446522375278131295
2821496970236105601
-4767314291228484449
-212790438406604991
-6596503590604754721
-1577426497942328575
6440010784916469023
-3273850478394528063
9191099612026939743
8222926867191857793
-3343684148986131041
7026255823687247425
-3546998350209949217
723515585748883969
3982239084505851423
-5677796896285467199
8455736952246032991
3873428487693300097
-9050925397474558305
-3877526216068033215
8923895817857831647
-60390752050493183
-1872113313565288673
-2695280499395294015
8680024887293643615
-7620389599540322175
3575595372474183583
162992104442381377
5052755237713822687
9061459779452090369
4204092057371527199
1199645262550481857
295514991645834335
9160964741020864385
7288745866003521695
4590192961594553153
-5277970780245265185
2403602475782743809
724700454426851615
4018970013522848449
-4539138096758559393
6860671590161071745
-8680109589521395297
7617763830480020033
-3656994213343549985
-2686356171392739839
8956679055372823071
955889610914240961
-7260910209077633441
-3727287596892017279
-4865451061395225953
-3255030313575591615
-8672219352295581985
7862361184480232705
3925523760663042847
-7435971935412533055
-9154201113273905313
-7079073405847790463
1909653303233115039
3859020179097911361
8949161109777942495
722833297472943105
3961088147951684639
-6333475929464637503
6576430997401305183
955176108635392897
-7283028779721923425
-4412963286865006783
-7674653376848348961
1893418275925353217
3355734332557294879
-6652700132981168447
-3319519311611154081
7775365782311533185
1228666293433357727
1195166949014986305
156687272045472223
4857305433409638913
3002515846022393375
844270858146436545
7725652528829981279
-312444564494751359
8760962574372259487
-5111321300103230143
7569736360185830111
-5145845792463437567
6499477097019399967
-1430394803203668799
-7448750751894629537
8896399649490655361
-912771971432958049
8597557032997403713
8269850990985792479
-1889036311374155775
-3219893431470174177
-7582976007027641407
4735416740367287391
-776033638290503807
-5610298713296066401
-7898563448792093887
-5047793954330739489
-8907659994576511231
563701273771426079
-972004586795343167
6761345956763465055
6687539848862348929
4399550503927749023
7258857105793358401
3663641395079491039
2892418805206912513
-2568737407133470177
-5843883326299369023
3307057621815076447
-8161678165989939839
5242393886245587615
-3506486189772748479
1979392559302106847
6020937117236657409
2181609897240863519
-6157069480371437375
-6401713154419042465
4461077023814751361
9166179222290430879
7450394785360083009
-8845434612061597729
2492688131733744641
3486355788907877407
-2603434986113110079
-6919508274668205985
6856172369800233857
-8819585420707369825
3294013063714809665
-8566059467098210081
-7293426448110789887
-4735291006919867105
779931375160532673
5731128556266961247
-6802455492819717503
-7961935466606174817
-7012326506567248319
3978807180929921503
-5784185907139294719
5157677615777379871
-6132690574287188543
-5645967065807328673
-9004282376641224319
-2431592570234679649
-1592393382436862655
5976037365585912543
789717596067772673
6034501404391401247
2602102799037922497
6878210475337390943
-8136404149055500159
6025888411213217695
2335100010514232385
-1398875968897002529
-6471666888387975167
2292511270777837599
-2719126900725240895
7940786446065290335
6356706869799829377
-5856271847010357089
2923013479774446401
-1620302495539919649
5110854859391145729
-7584196022260446945
4697596268150315713
-1948468277016625825
-5062284366386745727
9089881305396847007
5085159361658982977
-8380756451957492257
-1549032978748537343
7320209879923997215
5565577393129294273
6512202523622157919
-1035906578518172287
4780384213355762335
617958024352219457
709954681209251551
3561851043777246465
-263082085162669281
-8155544640042747711
5432533190608543583
2387832245478886529
235823315007275935
7310522765225553985
5265276837477554143
-2797114701581786111
5523164619512388639
5197406541498083265
-4901093876945383329
-4359957595630470271
-6031476948577717089
-2508344668813713599
-3971708438386915105
6004246925972493057
1664213968051768607
-3749599211523828031
-5557111114981359265
-6249747901036172671
9171999878683714975
7630835133551889985
-3251783818115581473
-8571577993035267583
-7464500752159572449
8408149641277425089
2398221847666455135
557900982821902721
-1151813606230567265
1187266354271518017
-88231165002044705
-2735166115063385855
7443570801582796575
-9056978109157477183
-4065160278238518433
3107239890572789889
4090716239208728479
-2315005100496278463
2021818179453574111
7336131341932142593
6059142715381800991
3365983439740314561
-6334977810307558305
6529872691270760321
-488131381411497825
3314671249953119041
-7925655693710619425
-5887653546805031167
1950180786139549983
5115372149197394625
-7444160038266731169
9038711771955504769
3498903824977373599
-2214445867958728127
5139154388117634527
-6706910631739294207
-5000044773113052641
-7427435376828218943
-8889567797160167841
1124559393678071169
-2032146943398896993
-7656323024237151935
2461659206872461023
2524459118208085249
4471256369612436255
-8965005131690889023
-1213997976774285473
-740449132583746431
-4507179036386587745
7851402461692192833
3585803354233806815
479439538990701569
-3584118364997802977
-427204872674582591
5203393020797491295
-4715513018663734399
1393049011100646559
6291031196700940097
-7892217713075924769
-4851076147129496831
-2809407971337988833
5142073257070104257
-6616425694212732577
-2195011709789642111
5741613291359301023
-6477428704957184447
2113894957132349919
-8256232623735358975
2311205696137594399
-2139599714572780095
7459385143082023519
-8566733522681441919
-7314322171190976865
-5383058422405663423
-854114431189601569
-8030803293168097023
-9147229129986836705
-6862941923948663615
8609729242106047327
8647189473353744513
-8638287431677194337
8914250723650249793
-359388672485530657
7305695226658101249
5115623141886519327
-7436379264903865407
-9166828327505208225
-7470517047018180735
8221644500660568223
-3383437511456107711
5793901587117970655
-4856491536438425855
-2977285039914788577
-62115868810687807
-1925591933131322017
-4353117705942327679
-5819440368245296737
4064789321491317313
-3118739549736024609
-4447205673269004799
-8736167355372287457
5879973089102363073
-2188274974922260897
5950452072248118657
-3426497403837793
-106221419518971583
-3292864005088119073
8601680284525618433
8397671788360448799
2073408407240190145
8935428403317239647
297119397191154817
9210701312925799327
8830579595056504897
-2953193658891622433
684716942907462657
2779481156421790751
-6069804519472244799
-3696499366544072609
-3911015920608941183
7885714977089684639
4649491331556052801
-3439721311438776097
4049103787655250689
-3604991098654089953
-1074259616019478847
3591440050815258975
654177133015718529
1832747049777722783
1474926321980751425
8829227833984190943
-2995098252133355007
-614325447586247137
-597344801464109631
-70944771677846945
-2199287922013255295
5609050712427292319
7859875421860097345
3848465119438846687
8621954260346937601
9026165038821343007
3109955097818358977
4174887663821370207
294309062495615105
9123580937364068255
6129847952642841665
5557845794832575455
6272522976423874561
-8465972541664956385
-4190731759679925311
-785476034110823329
-5903012983725971583
1474038241590397087
8801697341883206465
-3848543507263873825
-8624384282922778879
-9101495738672422625
-5445206793201827135
-2780713925870676641
6031588666556782209
2511807926164732319
4079069416268495425
-2676056611643503137
-9170778666110390783
-7592977543778840033
4425369101080129985
8059233617517168223
-8418174888901507711
-2709004524013016417
8254580124144249153
-2362433183461998881
551547607516241153
-1348768240706075873
-4918327314469248831
-4894194158870300833
-4146066335302912895
599152121576561567
126971695163856961
3936122550079565791
-7107409463500321791
1031235516004643871
-4925187151275143231
-5106849099853027233
7708374567942120321
-848061352018441057
-7843157838862121151
-3330220046501584673
7443643000708184833
-9054739936270441185
-3995776918740402495
5258124035014383967
-3018851577940061567
-1350678547594150497
-4977546827999562175
-6729999078310014497
-5715786616805381631
7278055616128685599
4258795215474634177
2895443163746798175
-2474982292397014655
-2937474769469247841
1172002515001075009
-561410182385777953
1043028419750435073
-4559607135155615969
6226131399852317889
8542632658326338399
6567195376182767745
668871850860732319
2288283302973150273
-2850193902670548001
3877709385760770049
-8918217557382989793
236416826770590657
7328921629888310367
5835641642023001985
-3562549834382454625
241419576401216321
7484006868437705951
-7803460036655286527
-2099588178089711329
8699742774057155265
-7009135109871461025
4077740478499327617
-2717253682487705185
7998856211428897345
8156869596071646687
-5391459553712675327
-1114549501706970593
2342453594503014849
-1170914865244746145
595127324831972737
2202996081603231
68292878529700161
2117079234420704991
-8157520027796351743
5371296170246818591
489484614265411777
-3272721031481786529
-9220631607387624319
-9138418723373079649
-6589819318922194879
-1370214075782973473
-5583148201853074431
-7056897594059342817
2597103468674992065
6723231234086547551
5505983445877906305
4664790158829130911
-2965457665973354687
304532723373762783
-9006229649122905343
-2491958017166791393
-3463722237332326719
3305075084955181407
-8223136808646686079
3337175963886454175
-7228009561777230271
-2707367530579519009
8305326920582668801
-789282493870989793
-6021013236291131967
-2183969587929574817
6083919069021387137
4134050402567485087
-971646036374823615
6772461019799571167
7032106802981638401
-3365617992083828961
6346306687658611905
-6178677493388098721
-7071561557935544191
2142520588512749471
-7368838050942972863
-7073050694717539361
2096357348270899201
-8799898498440331233
3904307653993006017
-8093671242183674785
7350608524239804289
6507935366919313567
-1168188436306347199
679646621922340063
2622301205882990337
7504361087534493983
-7172479244654857535
-985927699785964193
6329729454054213249
-6692571735124457057
-4555538978053100991
6352244270030282207
-5994612439866319359
-1365544898760383969
-5438403714152799807
-2569818475350829473
-5877396441037507199
2268151064932792991
-3474293281921623743
2977372702686973663
64833414748425473
2009835857201189663
6964679352108224705
-5455868969159653537
-3111241380563295103
-4214762428914390113
-1530426780379232191
7897002029372456927
4999389952321993729
7407135932305392671
8260285016952553409
-2185581506404566945
6033949596296631169
2584996748100050079
6347922896263345985
-6128575026641342241
-5518385088786093311
-5049241088982928097
-8952521168794358079
-826995126981826209
-7190104862727060863
-1532321860024267361
7838254560376366657
3178218413443195359
6291050448191298049
-7891620916874828257
-4832575464895504959
-2235886822084240801
4474484810226741633
-8864923472647422305
1888533453573182785
3204304839640011487
7099729660292598017
-1269309415444080865
-2455103731347403583
-2321239376931304609
1828555609967763585
1344991687872016287
4801254176613401665
1264926885339038687
2319245298091096065
-1890372054014228449
-3261301453312427071
-8866624684137481121
1835795897381359489
1569440597693489311
-6687573692630486207
-4400599660740004641
-7291380966973282559
-4671881091657139937
2745638748305074881
-7118919171090436769
674434580711079553
2460727928333914527
2495589483513143873
3576297694069253599
184764073889551873
5727686290576108063
-6909165729236166207
7176791278193466975
1119600739482856833
-2185865223450541409
6025154367871422785
2312344666918590175
-2104291620361911039
8553936063618964255
6917600940254169281
-6915299736635371681
6986637048818097281
-4775180371153603681
-456638916085301183
4290937675065214943
3891859411054801921
-8479566773268001761
-4612152939374331967
4597211469072121951
-5060397048440632447
9148388161726358687
6898871907873845057
-7495899740425422625
7434781005036069633
9117282271603539231
5934589314066441921
-495172001035816609
3096412041599236737
3755052921028580767
5726176109628694081
-6955981338605999649
5725507387728630273
-6976711717507977697
5082865641767310785
-8451861768599330209
-3753297794645513855
-5671767191753619809
8642657792733302081
-8778769530910909729
4559305647405072641
-6235477520119161057
-8832362386598476607
2897927121090499423
-2397979614742275967
-550391762172348513
1384599446366747713
6029094689950075871
2434494651356835841
1682357897223704607
-3187137407193812031
-6567539254460414881
-679532077467793535
-2618750327792047969
-7394283866715280575
-7861870983659078433
-3910327535207260415
7907054924541788447
5311029702571270849
-1378775883676568225
-5848564246554511743
3161949093905652127
5786701542527457857
-5079692918744322593
8550216182311964161
6802284619737166367
7956638401047089601
6848117474235606623
-9069287183210814079
-4446741573891962209
-8721780274683967167
6325972590440292063
-6809034507156013823
-8165884911031360737
5111984789961539777
-7549168174578231457
5783459546298995841
-5180194801826645089
5434657806759966785
2453695346173005791
2277579436524973057
-3182013762564041697
-6408706270937534527
4244290411741497439
2445794248019559297
2032645393768131743
7671774985683429185
-1982648402037866273
-6121868242045199615
-5310474766305671905
1395978907910135489
6381857997795096927
-5076586879157063039
8646503409517010335
-8659555410615953855
8254943376548704735
-2351172358923875839
900633168198055455
-8973859933279384127
-1488496826017633697
9196830614582010241
8400587946399043231
2163809306436617537
-6708887795303062817
-5061336843589879551
9119254512099698463
5995728769447378113
1400151115773205343
6511196441550262401
-1067095122746933345
3813539342264169537
7539255167931945951
-6090762752333846527
-4346204585253726177
-5605133626898650175
-7738445770472190881
-84145926413746303
-2608523718826135393
-7077258988771990719
1965900232582907103
5602674988941465345
7662227993799461151
-2278605150440875327
3150216631171071327
5422995197755453057
2092154467033080223
-8930187816812719551
-134661215551031841
-4174497682081987071
-282219628574737889
-8748808485816874559
5488098045320162911
4110342741539085697
-1706583528255204705
2436142845217308993
1733451906898372319
-1603223107279112959
5640315895476153119
8829096096374782145
-2999182118025027745
-740925290228102015
-4521939923361610849
7393814965466476609
7847335044946155487
3459713435106649089
-3429347953951187937
4370677869770483649
6363805446918131807
-5636215956342981759
-8701997983246469985
6939223625002704705
-6244996509430773537
-9127451055258463487
-6249821607369093857
9169714982363158209
7560003347614630239
-5447569182170633599
-2853947983903677025
3761332867533770305
5920854451289569759
-920952747118853631
8343952986734640671
408125556840138177
-5794851811665268129
4827034575472204161
2064119249961916063
8647464527690743105
-8629760747230237985
9178577941505896705
7834755081039523615
3069734554001061057
2928050805485134687
-1464145398508582783
-8495019206346963041
-5091178364822131647
8194167353899883487
-4235229061037334527
-2164892376190509025
6675312632932426689
4020506810100159583
-4491497402861914239
8337533100957071519
209109097735494465
6482382029800328415
-1960341886994886911
-5430366275712839393
-2320657883712056639
1846581899764450655
1903806671569315457
3677774597520124319
3330548080866544193
-7433473935394439713
-9076763112713011711
-4678495388460088801
2540595547413660097
4971485674985256543
6542103334866539905
-108981429942330721
-3378424328212252351
5949310267677486815
-38822439093424895
-1203495611896171745
-414875821362220863
5585593611480704863
7132705292515886209
-247064816522146913
-7659009312186554303
2378384280440987615
-57063601167590399
-1768971636195302369
502111499074281409
-2881287602406827937
2913804693936092033
-1905774856528905057
-3738788331267401919
-5221973827032149793
4139508025389320961
-802459728897911521
-6429507522125705535
3599451624908196191
902535929896772225
-8914874320619164257
340057166449182273
-7904971913784901153
-5246456369107764735
3380549221045257759
-5883438589854319167
2080844451611621983
9165945778831626625
7443158038137151135
-9069773775972485823
-4461825949503786273
-9189395918650513151
-8170112372522633441
4980933483732085953
6834985406018251615
8970362775760732289
1380084942939426719
5889145083703125057
-1903943142298639393
-3682005190129166335
-3461696451746846689
3367874438105062337
-6276356861000377249
8347122119793373057
506368681660842143
-2749314942223445183
7004957159620957407
-4207256936264939775
-1297756508246271713
-3336963608215319871
7234592587582393695
2911441330539585153
-1979039121820618337
-6009980555310513599
-1841956477530405409
-1760418582313912831
767256169397357087
5338197177608518081
-536584157521904033
1812635190530526593
851458685317669535
7948475171138203969
6595057347060152031
1532592948059645185
-7829850831279654113
-2917702811445106495
1784933213749456735
-7302594895496063
-226380441760377953
-7017793694571716543
3809324352791406559
7408590494276293633
8305376438050483231
-787747452368742463
-5973426949721464737
-708794704269890687
-3525891758657059681
1377819923888459585
5818929493123143903
-4080626450278055167
2627788557347151135
7674468982923478721
-1899134487596330657
-3532936894357595519
1159420717171848607
-951445915091796415
7398664779573414367
7997679282261225985
8120384791873834527
-6522488483844852287
717041811614646879
3781552086344501633
6547650234422240927
62972456284400961
1952146144816429791
5176298268180668673
-5555450349785235681
-6198264179956341567
-7678748841551072417
1766458870140926081
-580007246759946337
466519424151215169
-3984641925021881377
5603308840288538625
7681877385558732831
-1669474005903453247
3586538038121604191
502214739512420225
-2878087148824524641
3013018754987494209
1169861036064562399
-627796029417668863
-1014932838238183137
5430570162035425985
2326978359712240991
-1650647143758735743
4170170764607846815
148085186876389953
4590640793168088543
-5264088001465668095
2833968617950253599
-4380693212089896511
-6674281058819930529
-3988528012612778623
5482840124970723999
3947347210706479425
-6759444984065999137
-6628609695240905471
-2572715741663001825
-5967211696714850111
-516121861064837281
2446966380699595905
2068981506849266591
8798194491198609473
-3957131878486380577
6456120282889063425
-2774456041244101601
6225583089980608449
8525635052303345759
6040269589469995905
2780916536474356895
-6025307737842694335
-2317099136028008225
1956903077969951489
5323763195939841311
-984037589250883903
6388322880641702239
-4876175510912298367
-3587488248604836449
-531671264492620223
1964934874438324703
5572748886459410945
6734518816855774751
5855898511723949505
-2934586873653081505
1261527285302231425
2213857696950070943
-5157387689386007231
6141678292419740383
5924586327916435713
-805264571686009057
-6516457648556729151
903997705546464095
-8869559275478716287
1744823565803069343
-1250701681233505215
-1878263970819558433
-2885950874277656575
2769243265940404255
-6387179124395226175
4911631954553056351
4686638001468333953
-2288174544158060385
2853565425938334529
-3773192164459387681
-6288492655983708415
7970912475310106911
7290613776389143233
4648098183548820831
-3482908899662967167
2710288552705327519
-8214775234682604991
3596384756772967903
807463017704695297
6584609475136002591
1208708918411012545
576488323322285663
-575606050718696063
602956501429973663
244907470619631937
7592131589208590047
-4451593692757879551
-8872195959527404769
1663086360293726401
-3784555052023136417
-6640742170459919231
-2948822473452428385
820223691522478145
6980190363487270879
-4975027616409222143
-6651903519009473505
-3294824278488610879
8540911809110372447
6513849050487823233
-984864245682547553
6362696531260129089
-5670592341741066017
8679078143122469633
-7649738668846715617
2665774223975986881
8852024648417386847
-2288397004704281983
2846669149005464991
-3986976749378343359
5530929285238217183
5438111178998768129
2560749885575847455
5596270158013064641
7463678235019039327
-8433647672633951871
-3188660819718785377
-6614765042734588607
-2143531513967179041
7337499361855656193
6101551333010722591
4680650586236884161
-2473784416333003937
-2900340611484915583
2323161412515375007
-1768972506861581247
502084508419636191
-2882124312700829695
2887866674822037535
-2709853449064594495
8228263447545328735
-3178250158028531839
-6292034530336728929
7861114370366470977
3886872523136429279
-8634160298737553663
9042191844779110687
3606786082509157057
1129904115526559071
-1866460566095772031
-2520045327840278113
-4334428868210415039
-5240086398556004897
3578018308149812737
238103110386885151
7381196421993439681
7456160197282010719
-8666706842481838719
8033248988706273951
9223045691670321473
9213255336136691423
8909754314594159873
-498777353224318177
2984646123755688129
290309467878573919
8999593504235791489
2286237525666261919
-2913612999184086975
1911717393841061855
3923006987944262657
-7513991889694718945
6873924377687883713
-8269273176190224289
1906948570036769665
3775173450011204767
6349912508090038081
-6066897060013887265
-3606368123334989055
-1116947381127351009
2268119332471221953
-3475276988230325921
2946877807117206145
-880508347914367585
-8849014711635843519
2381705044932125151
45880098057673217
1422283039787869727
7197286086004858305
1754939781635988063
-937098990413024895
7843419444615331487
3338329824851105089
-7192239871873051937
-1598507143549990655
5786510771078944543
-5085606833648235327
8366884820290669407
1119012397077028993
-2204103838031204449
5459757315870868545
3231780128610960351
7951463618392012801
6687699211928225823
4404490758969932737
7412005012101053535
8411226490618040193
2493604177225523359
3514753199153017665
-1723115268513762081
1923658897202030337
4293193592134285599
3961792840195992257
-6311630469891101345
7253640244180926081
3501918685094089119
-2120985204340547007
8036434960281249247
-9124933263214995967
-6171770054021600737
-6857430937574106687
8780569819717312095
-4503496694406599295
7965555063071834783
7124533997002707265
-500374977430694177
2935119773358032129
-1245007394448762081
-1701741080492521279
2586258725860495199
6387044206837144705
-4915814398853581921
-4816293774784626623
-1731154428647012385
1674444933071270913
-3432439295919256545
4274846268760356801
3393025815604199519
-5496664158527124607
-4375892250954898273
-6525451263634985151
625195638120528095
934320708026819329
-7929546198587704033
-6008259197994654015
-1788594400738758305
-106194201772852607
-3292020254958430817
8627836538545954369
9208515662990862815
8762824447073473025
-5053603246365610465
-9087748047657511487
-5019028371739581857
-8015926934250624639
-8686062003545192801
7433238995742297409
9069479983496600287
4452718382751334657
8907061349324513055
-582259276583369535
396706499625096031
-6148842585331574655
-6146679408183298145
-6079620916586726335
-4000807677093000225
5102170526083854337
-7853410354786480097
-3648048040156711999
-2409024802600762273
-892792585785423999
9216917988070959263
9023296524556462913
3021031155607076063
1418245455271599873
7072120966000492831
-2125178938499341631
7906429201358615903
5291632283892921985
-1980095862705383009
-6042739522738218431
-2857484467789255201
3651701867080846849
2522293437248942623
4404120259879014849
7400519540282599007
8055176864245949825
-8543934240309278049
-6607544417653896895
-1919692136465735969
-4170224009309160191
-149735772617104609
-4641808951130242879
3677875104638883679
3333663801548084353
-7336886594266694753
-6082555537752917951
-4091780933244940321
2281999585373711361
-3044989148253154273
-2160943227300024383
6797736248537450591
7815638893855900545
2477132751308745887
3004138995732916033
894588499172638943
-9161244673067295999
-7297423759442901729
-4859207658215334207
-3061484814998947489
-2672308896419614079
-9054599494169829985
-3991423213621455295
5393088893701747167
1165059041368197633
-776657865004976609
-5629649741444723263
-8498445321400456609
-5197387931480432255
4901670787492564639
4377841822593090881
6585887984418955999
1248342706182568193
1805135744240510751
618975850327178433
741507286432979807
4539981805712822401
-6834516612578918497
-8955830179141405631
-929574447740300321
8076680267469793281
-7877328740370130913
-4389517993249887295
-6947849274779644833
5977601366345629569
838201619619000479
7537506134479463233
-6144982789360810785
-6027025733089618175
-2370356988682647265
305909645676141249
-8963545057749172897
-1168735684581085567
662681925405450655
2096395613859418689
-8798712265196227105
3941080884560233985
-6953701094599607777
5796194951926778305
-4785397227365388705
-773361458650636927
-5527461144460193121
-5330598814880022207
772133402105276127
5489391391554008321
4150436474788293407
-463677797529765695
4072732350286815071
-2872505657075594111
3186044999204340639
6533674606786801729
-370272000414214177
6968312060868912129
-5343254997578343393
379791738457319361
-6673200181532651425
-3955020816707126399
6521563198045942943
-745725671380836543
-4670751739096381217
2780648677688595201
-6033611360201306849
-2574511429144996159
-6022878008656674465
-2241777531261392255
4291872825735046559
3920849081819582017
-7580886979559818785
4800176591869788673
1231521758287035935
1283686359479010753
2900788996430230111
-2309261479210624639
2199870439308842655
-5590992676264084159
-7300076300800644385
-4941436440305356543
-5610577059789639905
-7907192190092872511
-5315284934654876833
1246863689084782721
1759286214209161119
-802359580644660159
-6426402926274913313
3695694096282755073
3886052542508097567
-8659579698215836735
8254190460952335455
-2374512742411323519
177081280087177375
5489519682702498625
4154413500391492831
-340390003830583551
7894653954961461535
4926599645581136577
5150636423338820959
-6350967539882514815
6034191074447108511
2592482570764847681
6579983398872071647
1065300554229153281
-3869170966315351521
9182908560190964161
7969004260276614751
7231459110350886273
2814303536362855071
-4990310741299250879
-7125680390600364321
464836775903325441
-4036804020706462945
3986283874066510017
-5552408419905050785
-6103964353670609791
-4755454226693387361
154871562181404737
4801018427623546847
1257618666653539329
2092690518840615967
-8913570210779111487
380484571490818143
-6651722357494189183
-3289208271514796897
8715008025298605889
-6535912321386491681
300902847823825665
-9118755791170956001
-5980268420656361791
-920880303251699361
8346198746616423041
477744113175391647
-3636676565272410559
-2056509081187417633
-8411549295681291775
-2503611134186322401
-3824968864937787967
-7893570370814117281
-4893008537013464703
-4109312057740992865
1738534725996082497
-1445655715250097441
-7921839025333917439
-5769336827127269601
5617999096150158529
8137275317268949855
-5998882196596277119
-1497907357389074529
8905104142067344449
-642932701555596321
-1484169674513934335
-9115771762512861153
-5887763532255421503
1946771237177449567
5009676131372281729
7726007482864320671
-301440989430230207
9102073401372415199
5463114336901596929
3335847780563540255
-7269183244787561791
-3983751703899796129
5630905695073181313
8537379883882656159
6404359368428618305
-4379044389517900321
-6623167559088048639
-2404009520924440033
-737318853819434559
-4410140394692919713
-7587143719513649791
4606217653301027487
-4781205337344560831
-643412868004972833
-1499054834444606207
8869532353345862431
-1745658151921538879
1224829511560949599
1076226710970334337
-3530460107338738785
1236201114756407361
1428746410029524959
7397650563496170497
7966238583866666015
7145723141642475457
156488506402119775
4851143698465713025
2811502062760690847
-5077156422966341823
8628847551429368031
-9206887011332865279
-8712336245675549409
6618737489701242561
2266677369933451615
-3519977826901206399
1561151808319911327
-6944526163211403711
6080617824961104351
4031711836698718721
-4144141578306580961
658819588462851521
1976663168638845535
5936326006675556737
-441334530153257313
4765373638958574913
152630218039409375
4731536759221690625
-896313053804003553
9107783479494993089
5640126758701511519
8823232856360892545
-3180942558455605345
-6375498943576007615
5273717559948831711
-2535452304972181503
-4812045159299420129
-1599447348605611071
5757364414354711647
-5989143892099455103
-1196019917987592033
-183129310196249791
-5677008616083743521
8480173638499467009
4630965761549754655
-4014013981634018623
4692775085312283999
-2097924944995608959
8751302999974328735
-5410768106439083455
-1713114636225622561
2233678498134355457
-4542942852673187297
6742724156807606721
6110264050230740575
4950744820057441665
5899136832104278687
-1594198941862876863
5920065023379472095
-945425012331881215
7585312765130785567
-4662977239169818431
3021658175412041567
1437683069225530497
7674686998572342175
-1892376002481563583
-3323423855799816225
7654324912463006721
-2523600671870962657
-4444644533161635903
-8656772012043851681
8341228732283872129
323673668866313375
-8412860338853836991
-2544253472535224097
-5084881353753740543
8389374697020007711
1816198575686516417
961923625153354079
-7073855767665126783
2071400086895689119
8873170472637707841
-1632876453874331169
4721062151024388609
-1221025907920366049
-958314998112244287
7185723205939530335
1396490499610820993
6397717340516347551
-4584947254798293695
5440587690929308383
2637521755422595329
7976198123262248735
7454468862905539777
-8719138208152437921
6407876652917698689
-4270008570356408417
-3243057165081799615
-8301051748988029985
921812813304793089
-8317290934970517473
418398047847680961
-5476404590431441825
-3747845639988732031
-5502750397393383265
-4564565655808916671
6072417259599996127
3777494310504363777
6421859183377967391
-3836550126088078655
-8252589466473128609
2424143571266735745
1361474414430601631
5312218699929547329
-1341916965569997345
-4705937785250814463
1689881246901164575
-2953913567192553023
662399785578614367
2087649279227493761
-9069848638785899873
-4464146696719621823
9185404991368136415
8046393626768954625
-8816214602096129249
3398508440663267521
-5326702781696016545
892910430809451649
-9213264792326102113
-8910047456465891263
489689955200645087
-3266355462489553919
-9023298968628413409
-3021106921837541439
-1420594208416026529
-7144932313477719167
-131972833294674785
-4091157832134918335
2301315719784392927
-2446188981522025727
-2044882132344591073
-8051113881553668415
8669886703770001759
-7934673288773219711
-6167198993745640033
-6715728069019324863
-5273385328794002977
2545751470771872257
5131319299089833503
-6949798391601125951
5917178744879714911
-1034899645824353919
4811599126864131743
1585620343111671105
-6186001584666850593
-7298608387576852223
-4895931130367799521
-4199912451725372223
-1070077487519677601
3721086034309097601
4673202621324715935
-2704671328610218943
8388909181630970847
1801767598626373633
514563336288927775
-2495280648752790591
-3566723816498301857
112026130809952129
3472810055108515999
-3023352733893313727
-1490214382144967457
9143586374634663681
6750016508031299871
6336326938165228225
-6488049727682992801
1784643252632290945
-16291389527635553
-505033075356702143
2790718737651785183
-5721439501342417407
7102816195480576543
-1173626824616746559
511056584299959903
-2603989960410794623
-6936712477896426849
6322842069725387073
-6906080649318068513
7272428755654495489
4084362540774740767
-2511969751949897535
-4084086015608617121
2520542032099730561
4349826700253440927
5717419191889807425
-7227445788511485985
-2689890559341446143
8847113028962927647
-2440657207792517183
-1873397146729826209
-2735079327495957631
7446261216173071519
-8973575256858953919
-1479671856984297249
-8976339419094111487
-1565360886274181857
6814044746629017281
8321202334694467935
-297144656405216639
-9211484348561715809
-8854853699769915839
2200696412775883231
-5565387498785826303
-6506315798974650849
1218395042590891457
876758172898531935
8732759286144938369
-5985623235150184801
-1086879552560212671
3200222018052510431
6973162191080065281
-5192900961032595681
5040766871375498433
8689820422964038495
-7316727993758080895
-5457638921985888353
-3166109918176574399
-5915687094926048289
1081140794388019201
-3378123521390508001
5958635279151561665
250252916602895455
7757840414689759105
685379897158361247
2800032738199647041
-5432705484358699809
-2393173351733729535
-401397608907409121
6003418197579868865
1638523387880418655
-4546007196835676543
6647729487770440095
3165429310078575169
5894588243888072159
-1735205176565279231
1548871747604998687
-7325208045373695551
-5720520522069942689
7131304552927292801
-290487743768542561
-9005120056824819391
-2457560655926126881
-2397404038871726847
-532548910185325793
1937727857964452033
4729331375769358175
-964679940826309503
6988409981803508639
-4720219448605851583
1247149682895013855
1768152022326326273
-527519529012540385
2093638674320799681
-8884177390893416353
1291661987947367297
3148033478949282975
5355317478880014145
-5854818105526049
-181499361271307519
-5626480199410533089
-8400189518340561215
-2151458036623675041
7091777159504280193
-1515836939881933409
8349287084788719169
573482596516571615
-668783581695831551
-2285546958861226465
2935020570140186049
-1248082694201990561
-1797075372842604159
-369104336992074081
7004509626955255105
-4221130448901711137
-1727835399986183935
1777334821556952863
-242852752863116095
-7528435338756598945
6426177456769603713
-3702683650947352673
-4102728737110623167
1942617665537543135
4880915410535182337
3734425136914239519
5086714802084115393
-8332537798778387361
-54254730196285567
-1681896636084852577
3201436502498224961
7010811208897215711
-4025781408700932351
4327984846237958431
5040321717409850049
8676020650028938591
-7744520954746177919
-272476638907344481
-8446775806127678911
-3595632958024323617
-784157256496722431
-5862130877688843745
2741383528741360065
-7250830977565596065
-3414831420018858623
4820690421672692383
1867450482177050945
2550732726359924447
5285738222319451393
-2162811771482971361
6739811378866094273
6019967934043854687
2151565218263979137
-7088454528654853217
1618838496214169665
-5156238838489395233
6177292670214712321
7028632039560565791
-3473335658137079871
3007059040007833695
985109871695086465
-6355082124871422817
5906638939790960449
-1361633603575742241
-5317153563428906239
1188936197089871135
-36466037633098047
-1130447166626039457
1849625982011880065
1998173221239627167
6603137637299787329
1783081945488339423
-64691910990132735
-2005449240694114785
-6828694240388903487
-8775336641250940321
4665725226864124289
-2936470556888559969
1203133105002399041
403638107655267039
-5933962736396273407
514595908811040543
-2494270900567294783
-3535421622747931809
1082394137071423617
-3339269898204971105
7163097597903205441
695096650484749279
3101252091317676033
3905094462300198943
-8069280184660694079
8106731307452206175
-6945746500915331199
6042787356139352223
2858967303224402753
-3605733968591272737
-1097288584072145151
2877542041182603551
-3029917091887047999
-1693709479950729889
2835238342656028289
-4341331746210881121
-5454075616570453439
-3055647450298092065
-2491350590693095935
-3444892016647767521
3888811926176516545
-8574038804494848417
-7540785907406578303
6043309828620243615
2875163950132035905
-3103637914454645025
-3979054979546237695
5776504150033492767
-5395812086057240383
-1249478004388487329
-1840329988624003967
-1709997426215468129
2330312008449142849
-1547304032914778145
7373807200770532353
7227094339371883551
2678995636013770689
-9184855652120866721
-8029364110103594111
-9102614454987246433
-5479886998961365183
-3855800304416356129
-8849344994649730303
2371466271501634847
-271521878287526207
-8417178226913312417
-2678108002378962303
9212372294799926687
8882380033154453057
-1347380077855229473
-4875294266093010431
-3560169659206910433
315205006843086273
-8675388861573877153
7764106396853082497
879625344221386399
8821641597153426753
-3230271593887044897
-7904699041950633727
-5237997342245474529
3642779053776254145
2245686224806568799
-4170703325834573695
-164594584904923233
-5102432132052620223
7845300569754737631
3396644704172695553
-5384478612903747553
-898140336630209599
9051137711882605663
3884107962717501313
-8719861671724320609
6385449282189335361
-4965257062935671585
-6349016361329406207
6094677609593475359
4467565160302219969
-9079432620307593889
-4761250123892136319
-24801250979812961
-768838780374201791
-5387258117890703905
-984304991225856511
6380033419417551391
-5133148808860974655
6893083588695750239
-7675337634946361983
1872206274886949535
2698162300366780737
-8590689057177555233
-8056943740570489599
8489161074248545055
4909576269771174081
4622911773229983583
-4263687619546921855
-3047107689987716193
-2226618021071443903
4761817641623445471
42394300650396673
1314223320162296863
3847434777612099521
8590013663717775455
8036006543317316481
-9138214189096911713
-6583478756360988863
-1173656636385586977
510132419465906945
-2632639070266436321
-7824834883421319487
-2762208427836733089
6605259105609032321
1848847463074934175
1974039134194304577
5854980938894787039
-2963031631357117951
379739796477101599
-6674810382919402047
-4004937059696395681
4974159665378595201
6624997037060038303
2460723338056119617
2495447184901501663
3571886437108345089
48015108101388063
1488468351143029953
-9197713335694726305
-8427952300893241215
-3012104295756755041
-1141512799911648191
1506591350158009311
-8635900366230366207
8988249752501921823
1934581221916302273
4631785658276715615
-3988597183098228863
5480695839921766559
3880874374188798785
-8820102916114098977
3277970706106205953
-9063372552964925153
-4263388036269405503
-3037820608384709281
-1938718491378229631
-4760041011596463713
12681230186037825
393118135767172575
-6260081864927201791
8851646998061812255
-2300104165727094335
2483747157298282079
3209185581408537985
7251032655116919455
3421083424109883713
-4626878294850914593
4140725449298060545
-764719587726984417
-5259563145826965311
2974239142750039903
-32306943296521087
-1001515242192153697
5846515639462338625
-3225455913763018785
-7755412958105824255
-610128743056380897
-467246961038256191
3962088281523609695
-6302471788734960767
7537559360021283999
-6143332797564367039
-5975875987399862049
-784714872300207359
-5879416967596876513
2205514741592344257
-5416019305475534497
-1875901806355604863
-2812723775895095905
5039283315799785025
8643830200116922847
-8742424902018665983
5685989143064628767
-8201777302092024383
3999320667080966751
-5148267836456892031
6424393733222311583
-3757979080913408703
-5816887066058360097
4143941689286353153
-665016148089913569
-2168756517077769023
6555524265427366751
307067417443301505
-8927654132967204961
-56117016340079551
-1739627506542466081
1411779518312206337
6871676920259293215
-8338944356476529727
-252858018838698913
-7838598583999666303
-3188883145765484385
-6621657150182257855
-2357186844844925729
714184104645508865
3692963170301223199
3801393837080609473
7162744507241583967
684150839974483585
2761931965499439519
-6613829438065132991
-2114527769214054945
8236615449202503169
-2919338106656124385
1734239062207902145
-1578821292683688353
6396772147934315905
-4614248224841274721
4532257619596896577
-7073966382172619041
2067971037163429121
8766869930937647903
-4928193246576189247
-5200038054185453729
4819516983636898945
1831073903067454367
1423058773962430529
7221333845416243167
2500420323388918785
3726053730218275871
4827201194509242305
2069284440110098527
8807585422284399489
-3666013014826890081
-2965939017376282815
289610829882990815
8977935726372715265
1614846411910898975
-5279993451890786623
2340899654771579231
-1219086996919250303
-898208757077656161
9049016678011762241
3818355912721355231
7688568852104702465
-1462038542978394593
-8429706684911129151
-3066490200311281057
-2827475841101954687
4581969294387162783
-5532904463674366655
-5499341710519401761
-4458896362715490047
-9098578728213330145
-5354779468969960255
22533125317196639
698526884833095809
3207589356116418463
7201549671061214273
1887110918383023071
3160206248745060353
5732673342549112863
-6754567118073017407
-6477395849458471841
2114913477592440705
-8224658489472544609
3290003858284839745
-8690344835427277601
7300471207397668609
4953678544813107487
5990082299529919169
1225110548331978079
1084938850872217217
-3260383770380369505
-8838176513243696575
2717689195088680415
-7985355320798665215
-7738341986534450657
-80928624343799359
-2508787354657780129
-3985431699552977535
5578825829824557727
6922904061175324993
-6750902988079544609
-6363807819660815103
5636142401319799583
8699717777527822529
-7009910002280775841
4053718813810568321
-3461925287839243361
3360780519240765505
-6496268345793579041
1529866091204117505
-7914383393801012193
-5538212249607206975
-5663883074437451681
8887065429534514049
-1202132790073338721
-372628344854397119
6895265383223240927
-7607702004594150655
3968910815805500703
-6090973225996339519
-4352729268791008929
-5807398816554415487
4438077423908636063
8453191625200856641
3794523349292833247
6949759385820520961
-5918387924078469601
997415090662958529
-5973620336867388833
-714789705793537663
-3711736805890115937
-4383376540336284351
-6757464234457953569
-6567206457391492863
-669215368331210977
-2298932344557988671
2520073613540557663
4335305724919081089
5267268956524652447
-2735359011121738687
7437591023773858783
9204392852475002881
8635017321081815071
-9015624152107007039
-2783187609673943969
5954904468655495041
134597791224830111
4172531527969733441
221268851094875359
6859334383941136129
-8721562982339399393
6332708653121893057
-6600216564026383009
-1692528674012805503
2871843326731684255
-3206577239865546175
-7170174067284173345
-914467201294754303
8545004907281719839
6640735093799592385
2948603096982296159
-827024362096577151
-7191011151284340065
-1560416805299922623
6967311256831053535
-5374279922751959807
-581980941924789473
405334874041077953
-5881362978436135073
2145188405575328897
-7286135722003010657
-4509278497578710975
7786319164736372703
1568221148603382785
-6725376614423788513
-5572490236332376127
-6726500662917695393
-5607335739643489407
-7806711265562207073
-2200376274204248255
5575311794506510559
6813968966315862785
8318853144986678559
-369969537346687295
6977688415962245471
-5052587989685009791
-9056275090558890593
-4043366701682334143
3782840763814502879
6587599235992279553
1301391504955598367
3449648506204446145
-3741360749919479201
-5301718805246545535
1667413700743052959
-3650407498094013119
-2482167998657096993
-3160231663531800319
-5733461200938051809
6730143508015910081
5720263937688144735
-7139258668763029375
43910152860708767
1361214738681971777
5304168751722021855
-1591465360003287039
6004806061026756639
1681547154733939649
-3212270424376525729
-7346662787124539519
-6385617516346105697
4960041804075791169
6187343336673113311
7340202699770996481
6185354808386271519
7278558322878900929
4274379124731309407
3378544350703730305
-5945589570441670241
154164053403738689
4779085655515899359
577702731316467201
-537959402899068385
1770002583838431681
-470152122137272737
3872028287454096769
-9094331604889861473
-5223118645942431423
4104018639170590431
-1902630701678557951
-3641319530906641633
-2200441015848580927
5573304803532197727
6751752246112164993
6390134818672047007
-4820005431971610559
-1846215801443514401
-1892457623620291583
-3325954111100384225
7575886998145398721
-4955176015716810657
-6036503897544717439
-2664180086790724449
-8802606395674251455
3820362839741479135
7750783589728543489
466618323360677151
-3981576049528559935
5698350980581503327
-7818560339068913023
-2567697552912132705
-5811647845437907391
4306357528520387039
4369874868165136897
6338912397152382495
-6407900499081210431
4269269339287544415
3220141001947015553
7590650691809724063
-4497501512122725055
8151405713871936223
-5560839901903699711
-6365340295628726497
5588635646314546369
7227008372364972895
2676330658799540353
9179274127947544479
7856336860730604609
3738769724424571871
5221397014904418305
-4157389201348997089
248143274147951553
7692441498586498143
-1341986502042728575
-4708093415905482593
1623056696606452545
-5025474626328625953
-8215760826510991615
3565831410092982559
-139690729374850367
-4330412610620361377
-5115582413264341375
7437641852191381919
9205968533418220097
8683863430321548767
-7501394765675262463
7264435222291034655
3836563006507454913
8252988759473792607
-2411765488246151807
-977753840792499553
6583119082851617089
1162506757595061983
-855778661972181759
-8082394447428082913
7700189161663152321
-1101808946666449057
2737410800759182465
-7373985545013101665
-7232623010891532223
-2850384453122879521
3871802321738492929
-9101336542073580513
-5440271698637721663
-2627725994383407009
-7672529531047410815
1959257495754435743
5396750147258853185
1278557901638484191
2741806803373906689
-7237709463956650721
-3008064498141552959
-1016279073840383649
5388836858367210113
1033245945997548959
-4862863821495085503
-3174825876671237665
-6185881808260609535
-7294895318983379425
-4780826003970142783
-631653533398013345
-1134515461628862079
1723508836924378783
-1911458276472912575
-3914974349531634977
7763003680486177025
845441136847316767
7761931168557268161
812193267051141983
6731247204875849857
5754478540346277791
-6078605986360904639
-3969344840092527649
6077518473098504193
3935631928958113823
-7122618718265332799
559748618289302623
-1094536906741170303
2962844038442823839
-385555176820219071
6494533592282760415
-1583643450039494911
6247285269904312607
9198402629938174657
8449320422440140127
3674516063710621313
3229533532771951007
7881819147382723137
4528720610640246239
-7183613659828779519
-1331094570177545697
-4370443528084813375
-6356540854662353313
5861418316272115073
-2763472932659948897
6566059456089342273
633658327964542687
1196664093191271681
203098741510318879
6296060986819885249
-7736294219388625057
-17447842823205759
-540883127519378529
1679367120608817217
-3279851482255321121
9005068492342354945
2455962156969729055
2347850571223394241
-1003608586912984993
5781621953116568449
-5237160190481894241
3668730758447243073
3050189069607225567
2322140789276234497
-1800611827274937057
-478734424394393919
3605976917483340127
1104819999726234241
-2644068155905841761
-8179136538242888127
4701184346404190687
-1837237851146501631
-1614141164412895713
5301856124328887745
-1663156809190444449
3782371136224876929
6573040780713875103
850079391325060417
7905717057367321311
5269555820162789633
-2664466238339485921
-8811477093685857087
3545371201381704543
-773957199424468863
-5545929108448983137
-5903105698532512703
1471164082587622367
8712598412797190145
-6610610308930379745
-2014734766036704319
-7116545526009179041
748017578230069121
4741800851422591135
-578126195576087743
524832010850831583
-2176951737333772543
6301472437491257631
-7568539248576081215
5182956252365653343
-5349052840050710911
200058621813926303
6201817276231715393
7788894826087661023
1648066650493320705
-4250166055835712993
-2627939214940241471
-7679139368309279137
1754352540636517761
-955303461396604257
7279080844124371265
4290577283340889823
3880687267600723201
-8825903220344442081
3098161274965569729
3809279155384903519
7407189374674699393
8261941730401061791
-2134223389500807103
7626051220313186271
-3400085128515396607
5277825458280014879
-2408107456705503295
-864354863032395681
-8348256680294714495
-541540057202426721
1659002300434323265
-3911160907664633633
7881220378363218689
4510158771035608351
-7759030687572554047
-722278356525004449
-3943884978565586303
6866774180433685919
-8490929291070355903
-4964390991247310369
-6322168138990208511
6926972502108603935
-6624781319147897407
-2454036082779751841
-2288142271334100607
2854565883481087647
-3742177980634041023
-5327052957397962017
882054984049142017
8896960431813850911
-895387719413895999
9136468845588327263
6529373107594870913
-503618475364069473
2834571337423397953
-4362008908422421537
-6095067645128206335
-4479656261878880225
8704608471431125953
-6858298491278369697
8753675654885158785
-5337215804203351905
567006733082055489
-869535348165831457
-8508851719431223551
-5519986270434207457
-5098877720074466623
7955487341077499231
6812434615178305153
8271288259722391967
-1844480980539571647
-1838678175598066209
-1658791222411397631
3917704326375328287
-7678374398331684415
1778066609941954143
-220167312928076415
-6825186700770368865
-8666602913076367039
8036470800275896031
-9123822223380945663
-6137327819166041313
-5789721657051764543
4986069368490815327
6994197833538862209
-4540796044809890913
6809275200569794625
8173346406858565599
-4880678419318189055
-3727078409187447777
-4858966242553571391
-3054000929484300193
-2440308445465547903
-1862585514593778529
-2399918731278479551
-610504374794659617
-478891544924896511
3601106181037759775
953827169913243329
-7324845880108560033
-5709293398850741631
7479345372722525599
-7947966403825877439
-6579285560378029601
-1043667560913849855
4539793759089757727
-6840346057893923391
-9136542983906557345
-6531671395460003455
432371551544960671
-5043225975815770815
-8766052660612482337
4953528626656321793
5985434836669562655
1081039199660926145
-3381272957930392737
5861002746415134849
-2776355598226335841
6166696823531347009
6700160792376241119
4790799752858406913
940839748934201375
261
